15933804972
13831880569
13831817000
13513083926
13231891856
13643186636
13831829972
13831816667
13833802616
13831888006
13703181380
15127820308
13903280623
13131848790
15303386176
15930399952
18631829068
13582680988
13131813579
13031857816
13184963193
13102760003
13784188812
13103186025
13831886365
15127835909
15832819988
15832850096
15832812336
13482925688
13180010069
15531878685
15531890168
15832833636
15832841338
13903182740
18631806775
15832878287
13931810120
13722803832
15833830111
13653189190
13931808576
13643186520
15614888683
13932802976
13785887112
15131829851
13483700883
13932862022
15233286898
15603188198
18731860012
13103381888
13932831467
15030853825
13633287580
13731379140
13633183696
18031815508
13931827793
18732885952
15614888357
13785836066
13131818689
15614888207
15175873795
15933828568
13932860400
13831875292
15933803089
18633680080
13932818200
13180015066
15075886619
15614888056
15614888831
15130891600
13833873985
18003186779
15297614236
15614888356
13833875190
15130832723
18231876592
15130851369
13932832499
15631866378
18831856859
15833824888
13013275889
13184969190
15030829819
13833865582
15533181664